0.01	2.57762E+18	2.57762E+18	-2588784166
0.02	6.29301E+14	6.29301E+14	-40449752.6
0.03	4.85024E+12	4.85024E+12	-3551144.261
0.04	1.53637E+11	1.53638E+11	-632027.3844
0.05	10557752384	10557918066	-165682.1866
0.06	1184085285	1184140772	-55486.62908
0.07	186204657.8	186226662.1	-22004.30234
0.08	37499384.5	37509259.93	-9875.427881
0.09	9121712.132	9126583.386	-4871.25413
0.1	2575027.931	2577616.715	-2588.784166
0.11	819846.8206	821308.1217	-1461.301172
0.12	288229.8895	289096.8681	-866.9785794
0.13	110100.0848	110636.4193	-536.3344948
0.14	45121.67646	45465.49369	-343.8172241
0.15	19639.31227	19866.5855	-227.2732327
0.16	9003.230603	9157.534163	-154.3035606
0.17	4316.913427	4424.164666	-107.2512384
0.18	2152.056426	2228.169772	-76.11334579
0.19	1109.568757	1164.595554	-55.02679749
0.2	588.8512033	629.3009559	-40.4497526
0.21	320.2340914	350.4183195	-30.18422818
0.22	177.6818473	200.5146782	-22.83283082
0.23	100.133304	117.6208483	-17.4875443
0.24	57.03374976	70.58029006	-13.5465403
0.25	32.64157245	43.2452324	-10.60365995
0.26	18.63061808	27.01084456	-8.380226481
0.27	10.49117235	17.17327678	-6.682104431
0.28	5.727829918	11.09997405	-5.372144127
0.29	2.933024762	7.285214857	-4.352190096
0.3	1.29909634	4.850240601	-3.551144261
0.31	0.355559821	3.272487628	-2.916927807
0.32	-0.175267021	2.235726114	-2.410993135
0.33	-0.459092228	1.545436129	-2.004528357
0.34	-0.595682273	1.080118327	-1.675800599
0.35	-0.645490942	0.762784408	-1.40827535
0.36	-0.645284267	0.543986761	-1.189271028
0.37	-0.617427437	0.391559397	-1.008986834
0.38	-0.575468624	0.284325087	-0.859793711
0.39	-0.527530671	0.208181942	-0.735712613
0.4	-0.478389456	0.153637929	-0.632027384
0.41	-0.430756847	0.114238386	-0.544995233
0.42	-0.386077218	0.085551348	-0.471628565
0.43	-0.345023905	0.064505519	-0.409529424
0.44	-0.307809203	0.048953779	-0.356762982
0.45	-0.274377779	0.037382486	-0.311760264
0.46	-0.244526852	0.028716027	-0.27324288
0.47	-0.217980222	0.022184214	-0.240164436
0.48	-0.194433176	0.017231516	-0.211664692
0.49	-0.173579052	0.013454432	-0.187033484
0.5	-0.155124269	0.010557918	-0.165682187
0.51	-0.138796194	0.008324846	-0.14712104
0.52	-0.124346594	0.006594444	-0.130941039
0.53	-0.111552442	0.005246962	-0.116799404
0.54	-0.100215187	0.004192695	-0.104407882
0.55	-0.090159197	0.003364078	-0.093523275
0.56	-0.081229797	0.002709955	-0.083939752
0.57	-0.073291183	0.002191392	-0.075482575
0.58	-0.066224353	0.001778617	-0.06800297
0.59	-0.059925155	0.001448753	-0.061373907
0.6	-0.054302488	0.001184141	-0.055486629
0.61	-0.049276683	0.000971092	-0.050247775
0.62	-0.04477805	0.000798947	-0.045576997
0.63	-0.040745603	0.000659374	-0.041404977
0.64	-0.037125936	0.000545832	-0.037671768
0.65	-0.033872241	0.000453167	-0.034325408
0.66	-0.030943452	0.000377304	-0.031320756
0.67	-0.028303503	0.000315007	-0.028618511
0.68	-0.025920684	0.000263701	-0.026184384
0.69	-0.023767077	0.000221324	-0.023988401
0.7	-0.021818076	0.000186227	-0.022004302
0.71	-0.020051964	0.000157079	-0.020209043
0.72	-0.018449551	0.000132809	-0.01858236
0.73	-0.016993853	0.00011255	-0.017106402
0.74	-0.015669824	9.55956E-05	-0.015765419
0.75	-0.014464113	8.13735E-05	-0.014545487
0.76	-0.013364861	6.94153E-05	-0.013434277
0.77	-0.012361517	5.93376E-05	-0.012420855
0.78	-0.011444684	5.08257E-05	-0.01149551
0.79	-0.010605979	4.36208E-05	-0.0106496
0.8	-0.009837919	3.75093E-05	-0.009875428
0.81	-0.009133809	3.23146E-05	-0.009166124
0.82	-0.00848766	2.78902E-05	-0.008515551
0.83	-0.0078941	2.41147E-05	-0.007918215
0.84	-0.00734831	2.08866E-05	-0.007369196
0.85	-0.006845958	1.81214E-05	-0.006864079
0.86	-0.006383149	1.57484E-05	-0.006398897
0.87	-0.005956374	1.37084E-05	-0.005970082
0.88	-0.00556247	1.19516E-05	-0.005574422
0.89	-0.005198581	1.04361E-05	-0.005209017
0.9	-0.004862128	9.12658E-06	-0.004871254
0.91	-0.004550775	7.99322E-06	-0.004558768
0.92	-0.004262409	7.01075E-06	-0.00426942
0.93	-0.003995115	6.15776E-06	-0.004001273
0.94	-0.003747153	5.41607E-06	-0.003752569
0.95	-0.003516945	4.77018E-06	-0.003521715
0.96	-0.003303054	4.20691E-06	-0.003307261
0.97	-0.003104174	3.71499E-06	-0.003107889
0.98	-0.002919113	3.28477E-06	-0.002922398
0.99	-0.002746788	2.90801E-06	-0.002749696
1	-0.002586207	2.57762E-06	-0.002588784
1.01	-0.002436464	2.2875E-06	-0.002438752
1.02	-0.002296734	2.03243E-06	-0.002298766
1.03	-0.002166258	1.80789E-06	-0.002168066
1.04	-0.002044344	1.60997E-06	-0.002045954
1.05	-0.001930355	1.43531E-06	-0.001931791
1.06	-0.00182371	1.281E-06	-0.001824991
1.07	-0.001723872	1.14449E-06	-0.001725016
1.08	-0.00163035	1.02361E-06	-0.001631373
1.09	-0.001542691	9.16432E-07	-0.001543607
1.1	-0.00146048	8.21308E-07	-0.001461301
1.11	-0.001383333	7.36788E-07	-0.00138407
1.12	-0.001310897	6.6161E-07	-0.001311559
1.13	-0.001242846	5.94671E-07	-0.001243441
1.14	-0.00117888	5.35008E-07	-0.001179415
1.15	-0.001118721	4.81775E-07	-0.001119203
1.16	-0.001062112	4.34233E-07	-0.001062546
1.17	-0.001008816	3.91731E-07	-0.001009208
1.18	-0.000958614	3.53699E-07	-0.000958967
1.19	-0.000911301	3.19635E-07	-0.00091162
1.2	-0.000866689	2.89097E-07	-0.000866979
1.21	-0.000824605	2.61694E-07	-0.000824866
1.22	-0.000784884	2.37083E-07	-0.000785121
1.23	-0.000747378	2.1496E-07	-0.000747593
1.24	-0.000711946	1.95055E-07	-0.000712141
1.25	-0.000678457	1.77132E-07	-0.000678634
1.26	-0.000646792	1.6098E-07	-0.000646953
1.27	-0.000616837	1.46411E-07	-0.000616983
1.28	-0.000588488	1.3326E-07	-0.000588621
1.29	-0.000561647	1.21379E-07	-0.000561769
1.3	-0.000536224	1.10636E-07	-0.000536334
1.31	-0.000512133	1.00917E-07	-0.000512234
1.32	-0.000489295	9.21152E-08	-0.000489387
1.33	-0.000467636	8.41393E-08	-0.00046772
1.34	-0.000447087	7.69061E-08	-0.000447164
1.35	-0.000427584	7.03417E-08	-0.000427655
1.36	-0.000409067	6.43801E-08	-0.000409131
1.37	-0.000391478	5.89619E-08	-0.000391537
1.38	-0.000374765	5.40343E-08	-0.000374819
1.39	-0.000358878	4.95497E-08	-0.000358928
1.4	-0.000343772	4.54655E-08	-0.000343817
1.41	-0.000329402	4.17435E-08	-0.000329444
1.42	-0.000315728	3.83494E-08	-0.000315766
1.43	-0.000302712	3.52522E-08	-0.000302747
1.44	-0.000290317	3.24241E-08	-0.000290349
1.45	-0.00027851	2.98402E-08	-0.00027854
1.46	-0.00026726	2.74779E-08	-0.000267288
1.47	-0.000256536	2.53169E-08	-0.000256562
1.48	-0.000246311	2.33388E-08	-0.000246335
1.49	-0.000236559	2.1527E-08	-0.00023658
1.5	-0.000227253	1.98666E-08	-0.000227273
1.51	-0.000218372	1.8344E-08	-0.000218391
1.52	-0.000209894	1.69471E-08	-0.000209911
1.53	-0.000201796	1.56647E-08	-0.000201812
1.54	-0.000194061	1.44867E-08	-0.000194076
1.55	-0.00018667	1.34041E-08	-0.000186683
1.56	-0.000179605	1.24086E-08	-0.000179617
1.57	-0.00017285	1.14927E-08	-0.000172861
1.58	-0.000166389	1.06496E-08	-0.0001664
1.59	-0.000160209	9.87308E-09	-0.000160219
1.6	-0.000154294	9.15753E-09	-0.000154304
1.61	-0.000148633	8.49783E-09	-0.000148642
1.62	-0.000143213	7.88929E-09	-0.000143221
1.63	-0.000138022	7.32769E-09	-0.000138029
1.64	-0.000133049	6.80914E-09	-0.000133055
1.65	-0.000128283	6.33011E-09	-0.00012829
1.66	-0.000123716	5.88737E-09	-0.000123722
1.67	-0.000119338	5.47798E-09	-0.000119343
1.68	-0.000115139	5.09926E-09	-0.000115144
1.69	-0.000111111	4.74873E-09	-0.000111116
1.7	-0.000107247	4.42416E-09	-0.000107251
1.71	-0.000103539	4.12349E-09	-0.000103543
1.72	-9.99789E-05	3.84483E-09	-9.99828E-05
1.73	-9.65613E-05	3.58645E-09	-9.65649E-05
1.74	-9.32792E-05	3.34678E-09	-9.32825E-05
1.75	-9.01265E-05	3.12436E-09	-9.01296E-05
1.76	-8.70974E-05	2.91787E-09	-8.71003E-05
1.77	-8.41864E-05	2.72608E-09	-8.41892E-05
1.78	-8.13883E-05	2.54788E-09	-8.13909E-05
1.79	-7.86981E-05	2.38222E-09	-7.87005E-05
1.8	-7.61111E-05	2.22817E-09	-7.61133E-05
1.81	-7.36228E-05	2.08485E-09	-7.36248E-05
1.82	-7.12288E-05	1.95147E-09	-7.12307E-05
1.83	-6.89252E-05	1.82728E-09	-6.8927E-05
1.84	-6.6708E-05	1.71161E-09	-6.67097E-05
1.85	-6.45736E-05	1.60383E-09	-6.45752E-05
1.86	-6.25184E-05	1.50336E-09	-6.25199E-05
1.87	-6.05391E-05	1.40968E-09	-6.05405E-05
1.88	-5.86326E-05	1.32228E-09	-5.86339E-05
1.89	-5.67957E-05	1.24073E-09	-5.6797E-05
1.9	-5.50256E-05	1.1646E-09	-5.50268E-05
1.91	-5.33196E-05	1.0935E-09	-5.33207E-05
1.92	-5.16749E-05	1.02708E-09	-5.1676E-05
1.93	-5.00891E-05	9.65007E-10	-5.00901E-05
1.94	-4.85599E-05	9.0698E-10	-4.85608E-05
1.95	-4.70848E-05	8.52713E-10	-4.70856E-05
1.96	-4.56617E-05	8.01947E-10	-4.56625E-05
1.97	-4.42885E-05	7.54438E-10	-4.42893E-05
1.98	-4.29633E-05	7.09964E-10	-4.2964E-05
1.99	-4.16841E-05	6.68315E-10	-4.16848E-05
2	-4.04491E-05	6.29301E-10	-4.04498E-05
