0,191.22
0.002,190.04
0.004,188.75
0.006,187.54
0.008,186.43
0.01,184.9
0.012,182.43
0.014,179.18
0.016,175.93
0.018,173.35
0.02,171.63
0.022,170.53
0.024,169.7
0.026,168.82
0.028,167.63
0.03,166.18
0.032,164.76
0.034,163.74
0.036,163.23
0.038,162.91
0.04,162.32
0.042,161.42
0.044,160.64
0.046,160.26
0.048,159.98
0.05,159.26
0.052,157.95
0.054,156.52
0.056,155.56
0.058,155.16
0.06,154.91
0.062,154.41
0.064,153.61
0.066,152.72
0.068,151.85
0.07,150.97
0.072,150.19
0.074,149.56
0.076,148.87
0.078,147.97
0.08,147.07
0.082,146.45
0.084,145.95
0.086,145.14
0.088,144.11
0.09,143.42
0.092,143.29
0.094,143.1
0.096,142.3
0.098,141.31
0.1,140.93
0.102,141.15
0.104,141.06
0.106,140.51
0.108,140.88
0.11,143.85
0.112,149.78
0.114,157.42
0.116,165.11
0.118,171.69
0.12,176.91
0.122,181.38
0.124,185.74
0.126,189.89
0.128,193.1
0.13,194.93
0.132,195.83
0.134,196.55
0.136,197.11
0.138,196.94
0.14,195.81
0.142,194.19
0.144,192.5
0.146,190.81
0.148,189.08
0.15,187.45
0.152,185.91
0.154,184.06
0.156,181.51
0.158,178.28
0.16,174.89
0.162,172.06
0.164,170.13
0.166,168.94
0.168,167.99
0.17,167.03
0.172,166.1
0.174,165.22
0.176,164.28
0.178,163.37
0.18,162.69
0.182,162.22
0.184,161.66
0.186,160.87
0.188,160.15
0.19,159.77
0.192,159.43
0.194,158.73
0.196,157.77
0.198,156.96
0.2,156.35
0.202,155.67
0.204,154.75
0.206,153.8
0.208,153.1
0.21,152.6
0.212,152.02
0.214,151.19
0.216,150.26
0.218,149.43
0.22,148.74
0.222,147.97
0.224,147.06
0.226,146.14
0.228,145.52
0.23,145.18
0.232,144.83
0.234,144.28
0.236,143.62
0.238,143.09
0.24,142.66
0.242,142.31
0.244,142.12
0.246,142.13
0.248,142.02
0.25,141.31
0.252,140.39
0.254,140.97
0.256,144.68
0.258,151.38
0.26,159.1
0.262,165.95
0.264,171.61
0.266,176.86
0.268,182.05
0.27,186.8
0.272,190.66
0.274,193.6
0.276,195.81
0.278,197.22
0.28,197.59
0.282,196.9
0.284,195.41
0.286,193.6
0.288,191.82
0.29,190.28
0.292,188.79
0.294,187.1
0.296,185.1
0.298,182.93
0.3,180.67
0.302,177.98
0.304,174.62
0.306,171.09
0.308,168.27
0.31,166.53
0.312,165.39
0.314,164.18
0.316,162.82
0.318,161.69
0.32,160.93
0.322,160.27
0.324,159.42
0.326,158.5
0.328,157.86
0.33,157.47
0.332,156.93
0.334,156.06
0.336,155.15
0.338,154.52
0.34,154.09
0.342,153.54
0.344,152.84
0.346,152.06
0.348,151.25
0.35,150.35
0.352,149.39
0.354,148.54
0.356,147.77
0.358,147.04
0.36,146.34
0.362,145.76
0.364,145.27
0.366,144.68
0.368,143.93
0.37,143.14
0.372,142.39
0.374,141.63
0.376,140.74
0.378,139.81
0.38,138.97
0.382,138.24
0.384,137.5
0.386,136.77
0.388,136.3
0.39,136.21
0.392,136.3
0.394,135.99
0.396,135.16
0.398,134.81
0.4,136.65
0.402,141.55
0.404,148.57
0.406,155.77
0.408,161.89
0.41,167.03
0.412,171.81
0.414,176.36
0.416,180.37
0.418,183.56
0.42,185.94
0.422,187.65
0.424,188.69
0.426,188.93
0.428,188.32
0.43,187.05
0.432,185.65
0.434,184.39
0.436,183.06
0.438,181.27
0.44,179.06
0.442,176.81
0.444,174.59
0.446,171.86
0.448,168.44
0.45,165.02
0.452,162.59
0.454,161.4
0.456,160.78
0.458,160.05
0.46,159.19
0.462,158.41
0.464,157.72
0.466,157.02
0.468,156.38
0.47,155.88
0.472,155.39
0.474,154.75
0.476,154.11
0.478,153.74
0.48,153.57
0.482,153.28
0.484,152.61
0.486,151.74
0.488,150.93
0.49,150.26
0.492,149.64
0.494,149.03
0.496,148.4
0.498,147.72
0.5,146.86
0.502,145.84
0.504,144.88
0.506,144.25
0.508,143.94
0.51,143.72
0.512,143.4
0.514,143.04
0.516,142.71
0.518,142.27
0.52,141.63
0.522,140.93
0.524,140.39
0.526,140.04
0.528,139.64
0.53,139.09
0.532,138.6
0.534,138.44
0.536,138.57
0.538,138.56
0.54,137.98
0.542,137.03
0.544,136.94
0.546,139.26
0.548,144.59
0.55,151.83
0.552,159.18
0.554,165.52
0.556,170.99
0.558,176.02
0.56,180.67
0.562,184.77
0.564,188.12
0.566,190.66
0.568,192.29
0.57,192.99
0.572,192.87
0.574,192.15
0.576,191.1
0.578,189.88
0.58,188.52
0.582,186.95
0.584,185.02
0.586,182.78
0.588,180.51
0.59,178.2
0.592,175.53
0.594,172.22
0.596,168.85
0.598,166.37
0.6,165.23
0.602,164.85
0.604,164.38
0.606,163.4
0.608,162.19
0.61,161.3
0.612,160.88
0.614,160.65
0.616,160.23
0.618,159.53
0.62,158.84
0.622,158.41
0.624,158.15
0.626,157.8
0.628,157.36
0.63,156.89
0.632,156.37
0.634,155.65
0.636,154.78
0.638,153.96
0.64,153.27
0.642,152.5
0.644,151.54
0.646,150.54
0.648,149.7
0.65,149.03
0.652,148.42
0.654,147.74
0.656,147.06
0.658,146.48
0.66,146.06
0.662,145.7
0.664,145.04
0.666,144.08
0.668,143.21
0.67,142.79
0.672,142.54
0.674,142.04
0.676,141.33
0.678,140.79
0.68,140.56
0.682,140.45
0.684,140.22
0.686,139.78
0.688,139.2
0.69,139.23
0.692,141.33
0.694,146.57
0.696,154.24
0.698,162.39
0.7,169.42
0.702,175.21
0.704,180.6
0.706,185.98
0.708,190.99
0.71,195.03
0.712,197.97
0.714,200.07
0.716,201.44
0.718,201.95
0.72,201.52
0.722,200.5
0.724,199.29
0.726,197.99
0.728,196.45
0.73,194.58
0.732,192.52
0.734,190.52
0.736,188.67
0.738,186.73
0.74,184.23
0.742,180.96
0.744,177.55
0.746,174.97
0.748,173.72
0.75,173.26
0.752,172.83
0.754,171.99
0.756,170.82
0.758,169.53
0.76,168.41
0.762,167.73
0.764,167.57
0.766,167.58
0.768,167.34
0.77,166.54
0.772,165.32
0.774,164.06
0.776,163.13
0.778,162.49
0.78,161.87
0.782,161.14
0.784,160.41
0.786,159.8
0.788,159.13
0.79,158.2
0.792,157.16
0.794,156.4
0.796,156.02
0.798,155.65
0.8,154.98
0.802,154.15
0.804,153.53
0.806,153.07
0.808,152.43
0.81,151.5
0.812,150.61
0.814,149.97
0.816,149.36
0.818,148.6
0.82,147.9
0.822,147.5
0.824,147.24
0.826,146.9
0.828,146.54
0.83,146.17
0.832,145.43
0.834,144.46
0.836,144.77
0.838,148.04
0.84,154.31
0.842,161.84
0.844,168.88
0.846,175.03
0.848,180.67
0.85,186
0.852,190.78
0.854,194.81
0.856,197.99
0.858,200.36
0.86,201.96
0.862,202.85
0.864,202.97
0.866,202.36
0.868,201.25
0.87,199.84
0.872,198.39
0.874,197.1
0.876,196
0.878,194.88
0.88,193.37
0.882,191.37
0.884,188.98
0.886,186.11
0.888,182.7
0.89,179.24
0.892,176.33
0.894,174.13
0.896,172.34
0.898,170.83
0.9,169.69
0.902,168.82
0.904,167.96
0.906,166.97
0.908,165.95
0.91,165
0.912,164.24
0.914,163.65
0.916,163.13
0.918,162.54
0.92,161.86
0.922,161.07
0.924,160.13
0.926,159.1
0.928,158.06
0.93,157.14
0.932,156.4
0.934,155.68
0.936,154.89
0.938,154.11
0.94,153.44
0.942,152.81
0.944,152.06
0.946,151.25
0.948,150.48
0.95,149.68
0.952,148.72
0.954,147.8
0.956,147.23
0.958,146.89
0.96,146.37
0.962,145.58
0.964,144.97
0.966,144.8
0.968,144.75
0.97,144.48
0.972,143.99
0.974,143.44
0.976,142.79
0.978,142.28
0.98,143.02
0.982,146.22
0.984,151.99
0.986,159.02
0.988,165.84
0.99,171.94
0.992,177.47
0.994,182.46
0.996,186.72
0.998,190.19
